camera_matrix:
- [228.99922248941502, 0.0, 308.56339279971513]
- [0.0, 223.2262371324688, 270.04697554864674]
- [0.0, 0.0, 1.0]
dist_coeff:
- [0.19905486335972156, -0.24460996917030634, 0.0005691629280079137, 0.001818490506490766,
  0.06930426095866686]
